32
0	-0.556031
1	0.104808
2	-0.529057
3	0.990903
4	-0.128147
5	0.132326
6	-0.451204
7	-0.138658
8	0.100928
9	-0.16268
10	0.809412
11	0.584247
12	-0.544551
13	-0.53876
14	0.333053
15	-0.329493
16	-0.0368627
17	-0.101368
18	0.776236
19	-0.407019
20	-0.860078
21	0.802961
22	0.867749
23	-0.00494512
24	0.463108
25	0.13937
26	0.107253
27	0.834932
28	0.531978
29	0.173669
30	0.641057
31	0.465656
32	-0.0831951
33	0.899493
34	-0.669284
35	-0.344259
36	0.689459
37	-0.101248
38	-0.998262
39	0.549446
40	-0.346846
41	-0.353896
42	-0.110024
43	-0.444064
44	0.245004
45	-0.760108
46	0.273038
47	-0.817034
48	0.138686
49	-0.412163
50	-0.7231
51	-0.189802
52	-0.471278
53	-0.986653
54	0.88806
55	0.39044
56	-0.897838
57	0.30681
58	0.143816
59	-0.901665
60	0.697723
61	0.219959
62	0.509522
63	0.908908
64	-0.343718
65	0.382772
66	-0.557213
67	-0.876421
68	-0.145122
69	0.672223
70	-0.845617
71	-0.180801
72	0.428177
73	0.0123662
74	-0.458534
75	0.245514
76	-0.820685
77	-0.388394
78	0.320435
79	0.162269
80	-0.320839
81	-0.358913
82	-0.653255
83	-0.899685
84	-0.949915
85	0.342448
86	0.112885
87	0.574083
88	-0.563803
89	0.585474
90	-0.558889
91	0.223917
92	0.168831
93	0.850252
94	0.365089
95	0.90098
96	-0.391275
97	-0.343722
98	-0.807371
99	-0.316999
100	-0.313615
101	0.427788
102	-0.233889
103	-0.167403
104	0.120125
105	-0.211529
106	-0.106747
107	0.69425
108	-0.670653
109	0.305091
110	0.985356
111	0.521144
112	-0.969601
113	0.660501
114	-0.128266
115	-0.748571
116	-0.477229
117	0.267748
118	-0.199863
119	0.209444
120	0.66081
121	-0.677646
122	-0.369048
123	-0.246565
124	-0.485203
125	-0.712116
126	0.215426
127	-0.144915
128	-0.280514
129	0.822619
130	0.963767
131	0.622586
132	-0.494814
133	0.143418
134	-0.406635
135	-0.244458
136	-0.57492
137	0.825804
138	0.0786143
139	-0.0624504
140	0.765084
141	0.0451446
142	-0.225022
143	-0.826705
144	-0.363713
145	0.247223
146	0.732946
147	-0.947392
148	-0.232499
149	-0.733264
150	0.207728
151	-0.0390407
152	0.970617
153	-0.127745
154	-0.65387
155	0.222786
156	0.30707
157	-0.237952
158	-0.929848
159	0.185418
160	0.931961
161	0.981471
162	0.134836
163	0.232871
164	-0.369465
165	-0.206819
166	0.393572
167	-0.248996
168	0.0391264
169	-0.0242455
170	0.231805
171	0.0186326
172	0.557487
173	0.560475
174	-0.805471
175	0.0334041
176	-0.0563588
177	-0.995652
178	0.81244
179	0.293899
180	-0.395987
181	0.814942
182	0.592592
183	-0.506937
184	-0.437808
185	0.586076
186	0.22041
187	-0.826276
188	-0.882903
189	-0.500989
190	0.934008
191	-0.695784
192	-0.805567
193	0.235445
194	-0.907709
195	-0.197564
196	-0.615389
197	0.357982
198	0.927083
199	0.98586
200	0.656396
201	-0.909317
202	-0.51585
203	-0.0261126
204	0.774586
205	0.574904
206	0.756069
207	0.0171253
208	-0.602677
209	0.533017
210	-0.0067529
211	-0.236603
212	-0.146
213	-0.612101
214	-0.78736
215	-0.530782
216	0.629176
217	0.814717
218	0.885604
219	-0.856877
220	-0.488551
221	0.723084
222	0.817587
223	-0.3714
224	-0.549703
225	-0.312855
226	-0.781324
227	-0.381111
228	-0.91431
229	-0.190068
230	0.948391
231	-0.379845
232	0.971993
233	-0.978997
234	-0.0310734
235	-0.156399
236	0.490273
237	-0.183838
238	0.964827
239	-0.964765
240	0.442196
241	-0.5666
242	-0.841595
243	-0.750806
244	0.337205
245	0.464071
246	-0.674215
247	-0.447116
248	-0.631861
249	0.910052
250	0.974503
251	-0.327265
252	0.0635265
253	0.662485
254	0.727584
255	0.569837
256	-0.354119
257	-0.562771
258	0.894584
259	0.972762
260	0.0549772
261	-0.872014
262	-0.782149
263	0.820764
264	-0.317023
265	-0.380922
266	0.820389
267	0.665135
268	-0.22742
269	-0.988996
270	-0.672021
271	0.00436583
272	0.524096
273	-0.692384
274	0.191922
275	-0.457687
276	-0.126634
277	0.518987
278	-0.809083
279	0.410446
280	-0.0272756
281	0.222979
282	-0.880105
283	-0.701538
284	0.342824
285	-0.455546
286	-0.32736
287	0.544068
288	0.72556
289	0.586349
290	-0.49451
291	0.152639
292	0.613679
293	0.289139
294	-0.506138
295	0.75066
296	0.482503
297	-0.263709
298	0.169863
299	0.47976
300	-0.308511
301	-0.11382
302	0.354659
303	0.836267
304	0.0878887
305	0.756805
306	-0.0251235
307	0.431825
308	0.285153
309	-0.969863
310	0.0649669
311	-0.296582
312	-0.358545
313	-0.893648
314	0.954573
315	-0.438918
316	0.920794
317	0.595259
318	-0.341527
319	0.96451
320	0.634682
321	-0.762886
322	-0.568013
323	0.448078
324	0.0820223
325	0.269411
326	0.53092
327	0.572813
328	0.067628
329	-0.776943
330	-0.851327
331	0.325812
332	0.318938
333	-0.831553
334	-0.446976
335	0.447577
336	0.578436
337	-0.615935
338	0.392259
339	0.705824
340	0.388401
341	0.472073
342	0.204873
343	0.0972053
344	0.566997
345	0.911067
346	-0.886724
347	0.999417
348	-0.634046
349	0.0401858
350	-0.304325
351	0.245355
352	0.318601
353	0.491155
354	0.0595487
355	0.146683
356	0.778282
357	-0.956153
358	0.0883969
359	0.453125
360	0.132485
361	0.931739
362	-0.106974
363	0.241627
364	0.723938
365	0.583578
366	-0.569749
367	0.751019
368	0.441577
369	-0.210438
370	0.324172
371	0.152403
372	0.00773173
373	0.322283
374	0.870499
375	-0.74375
376	-0.0550561
377	-0.0119759
378	-0.774134
379	-0.846727
380	0.248776
381	-0.893523
382	-0.210035
383	-0.200181
384	-0.277334
385	0.449127
386	-0.233185
387	0.540943
388	0.0226894
389	-0.409577
390	0.925672
391	-0.443479
392	-0.627822
393	0.715675
394	-0.46673
395	-0.732502
396	0.978422
397	0.859305
398	-0.50648
399	0.661274
400	-0.875876
401	-0.424583
402	-0.345374
403	-0.437416
404	-0.0390669
405	-0.94077
406	0.317804
407	-0.156969
408	-0.0291073
409	-0.309924
410	-0.0729155
411	0.560498
412	-0.860267
413	0.0223509
414	0.949986
415	0.043071
416	-0.20582
417	0.213637
418	-0.0587845
419	-0.0844644
420	0.139379
421	-0.114841
422	0.798216
423	0.0440192
424	-0.516232
425	-0.576677
426	0.203662
427	-0.559216
428	0.150426
429	-0.279573
430	0.251964
431	0.0910705
432	-0.930034
433	-0.656253
434	-0.733346
435	0.725439
436	0.0687229
437	0.157466
438	-0.195302
439	-0.477036
440	-0.158587
441	0.368122
442	0.848745
443	0.75992
444	0.611254
445	0.0111424
446	-0.816595
447	0.389302
448	0.475566
449	-0.11466
450	0.962363
451	-0.438032
452	0.444669
453	0.905049
454	0.465405
455	-0.918479
456	-0.838615
457	0.909001
458	-0.964477
459	-0.198222
460	0.311882
461	-0.106302
462	-0.787238
463	-0.0439356
464	-0.276035
465	0.694719
466	-0.956708
467	0.429062
468	-0.848182
469	0.0944808
470	-0.408951
471	0.959509
472	-0.250829
473	-0.627919
474	0.624615
475	0.291338
476	0.229902
477	-0.697954
478	-0.502112
479	-0.748271
480	0.713149
481	0.566844
482	0.214759
483	-0.231174
484	-0.739254
485	0.626117
486	-0.316314
487	0.83395
488	0.100136
489	0.0221418
490	0.163109
491	0.389794
492	0.531804
493	-0.892176
494	0.883093
495	0.169961
496	-0.46804
497	0.232405
498	-0.133405
499	0.461544
500	-0.969066
501	0.344829
502	0.932812
503	-0.182898
504	0.891712
505	-0.943239
506	0.887484
507	0.694557
508	0.56908
509	-0.879649
510	-0.0979177
511	0.0445445
512	0.452281
513	0.358802
514	0.0799711
515	-0.174334
516	-0.0921648
517	0.0273131
518	-0.786591
519	0.462325
520	0.995125
521	0.616085
522	0.719699
523	0.242192
524	0.882126
525	0.0885813
526	0.77209
527	-0.353537
528	-0.0611885
529	-0.445956
530	-0.379427
531	-0.38609
532	0.525811
533	-0.612051
534	0.0879003
535	0.759201
536	-0.535365
537	0.77306
538	0.269162
539	0.508404
540	-0.802692
541	-0.305726
542	-0.598301
543	-0.81806
544	0.63929
545	0.362847
546	-0.0584786
547	0.0210702
548	0.705192
549	-0.918272
550	0.809074
551	0.134501
552	-0.457563
553	-0.459734
554	0.834664
555	-0.598784
556	0.431855
557	0.559795
558	-0.614046
559	0.298298
560	-0.608663
561	-0.735318
562	-0.813691
563	-0.325747
564	-0.542833
565	0.698396
566	0.315204
567	-0.549757
568	0.661579
569	0.869924
570	0.402442
571	-0.730251
572	0.687013
573	0.247151
574	0.0073392
575	0.0790831
576	-0.781452
577	0.681587
578	0.182933
579	-0.357357
580	0.974996
581	0.767335
582	-0.768971
583	-0.988504
584	0.438154
585	0.648025
586	-0.355789
587	0.902274
588	-0.748046
589	-0.747877
590	0.234797
591	-0.957899
592	-0.667555
593	0.966442
594	0.447809
595	-0.568356
596	0.644741
597	0.753658
598	-0.129322
599	0.555643
600	0.67814
601	0.701179
602	-0.0789126
603	-0.478674
604	0.605736
605	-0.991823
606	0.724714
607	-0.851786
608	-0.86557
609	0.414697
610	0.185773
611	0.982876
612	-0.963503
613	-0.938866
614	0.235722
615	-0.741765
616	-0.624568
617	0.790747
618	-0.719358
619	0.786636
620	0.412407
621	-0.11061
622	-0.176157
623	-0.209403
624	0.209928
625	-0.741489
626	0.287135
627	0.676128
628	-0.0907477
629	-0.969758
630	0.0141907
631	-0.263095
632	0.70991
633	0.617727
634	0.45789
635	0.798056
636	-0.474097
637	-0.796383
638	-0.436555
639	-0.195498
640	0.333264
641	-0.334235
642	0.333563
643	-0.671606
644	0.209927
645	0.939143
646	0.581554
647	0.0406175
648	-0.949649
649	-0.180179
650	0.875282
651	0.0926362
652	-0.0158236
653	-0.801653
654	-0.337776
655	-0.542509
656	-0.532329
657	-0.256015
658	0.588296
659	0.194826
660	0.0704392
661	0.00465772
662	-0.997327
663	-0.341535
664	0.952486
665	-0.028559
666	0.644662
667	-0.358309
668	-0.983964
669	-0.940266
670	-0.470753
671	0.460184
672	-0.238624
673	-0.465532
674	0.00787529
675	0.967779
676	0.814538
677	0.37836
678	0.0269238
679	-0.480335
680	-0.840027
681	0.586633
682	0.563361
683	0.85959
684	-0.963733
685	0.907704
686	0.258096
687	-0.042536
688	-0.448486
689	-0.976969
690	0.234325
691	-0.221244
692	0.950972
693	-0.847562
694	0.0930649
695	-0.0132843
696	0.601465
697	-0.885803
698	0.11517
699	-0.407964
700	-0.352418
701	-0.198181
702	0.631741
703	0.532384
704	-0.637836
705	0.124388
706	-0.406795
707	-0.807454
708	0.173486
709	0.354808
710	-0.672698
711	0.862251
712	0.39745
713	0.941594
714	-0.525749
715	0.126814
716	-0.358406
717	-0.258719
718	-0.88136
719	0.205196
720	-0.0946592
721	0.69777
722	-0.894675
723	0.215037
724	-0.632339
725	0.952045
726	-0.455749
727	-0.616838
728	-0.148539
729	-0.604081
730	-0.498773
731	-0.814035
732	0.991989
733	-0.339957
734	-0.122383
735	0.433341
736	0.0819556
737	0.535207
738	0.4721
739	0.289319
740	0.604072
741	0.846457
742	0.244019
743	0.230374
744	0.457888
745	-0.26098
746	-0.256816
747	-0.0683351
748	0.866237
749	-0.57319
750	0.751032
751	0.113415
752	0.976944
753	-0.629681
754	0.0862851
755	-0.704329
756	-0.8578
757	0.878034
758	0.614145
759	-0.485807
760	-0.101929
761	-0.830545
762	0.436598
763	-0.0367221
764	-0.382219
765	-0.144215
766	-0.725457
767	-0.422753
768	-0.133899
769	0.870505
770	-0.972896
771	-0.450387
772	-0.571524
773	0.827378
774	-0.468433
775	0.788957
776	0.0383473
777	0.827369
778	0.504412
779	-0.683611
780	0.785063
781	0.69202
782	0.665385
783	0.595823
784	0.209235
785	0.641822
786	-0.939762
787	-0.194181
788	-0.903718
789	-0.591131
790	-0.44032
791	-0.958684
792	0.935913
793	-0.213316
794	-0.445925
795	0.463779
796	-0.904572
797	0.61922
798	-0.168836
799	0.378294
800	-0.341025
801	0.229964
802	0.639787
803	-0.74092
804	0.965951
805	0.275544
806	0.949323
807	0.701948
808	0.833935
809	-0.940019
810	-0.11269
811	0.317373
812	0.465126
813	-0.73829
814	-0.633077
815	-0.430944
816	0.0500057
817	-0.885602
818	0.908264
819	-0.461541
820	-0.951328
821	0.0200787
822	-0.360253
823	-0.369081
824	0.161558
825	-0.401498
826	0.486445
827	0.225317
828	-0.00459777
829	-0.822411
830	-0.444854
831	0.251651
832	-0.593098
833	0.715211
834	-0.305354
835	0.710208
836	0.537703
837	0.168928
838	-0.744311
839	-0.866703
840	-0.461219
841	0.288244
842	-0.973871
843	-0.0260722
844	-0.021637
845	-0.137364
846	0.364778
847	-0.055137
848	-0.0568602
849	0.389191
850	-0.48465
851	-0.720271
852	-0.18089
853	-0.811823
854	-0.887744
855	-0.0545138
856	-0.231352
857	-0.0432123
858	-0.133502
859	-0.212305
860	-0.110846
861	-0.245776
862	-0.546819
863	-0.391421
864	0.055236
865	-0.571142
866	-0.425772
867	0.189623
868	0.462982
869	0.480622
870	0.207109
871	0.246949
872	-0.15201
873	-0.635481
874	0.0541501
875	0.326346
876	0.393782
877	0.222526
878	0.166129
879	-0.362074
880	0.332523
881	-0.932657
882	-0.236446
883	0.81968
884	-0.769736
885	0.388694
886	-0.766836
887	-0.350544
888	0.955707
889	-0.787564
890	-0.673951
891	0.689737
892	-0.654798
893	-0.422653
894	-0.464134
895	-0.133798
896	-0.450673
897	0.472534
898	0.661079
899	0.987863
900	0.0639703
901	0.190553
902	0.562962
903	-0.792169
904	0.458624
905	0.138242
906	0.103672
907	0.413941
908	-0.216679
909	-0.932843
910	0.281088
911	-0.437076
912	0.666926
913	0.750974
914	-0.465068
915	0.947379
916	0.0999238
917	0.101068
918	0.261363
919	-0.591763
920	-0.0855752
921	0.718301
922	-0.501137
923	-0.528752
924	-0.0650033
925	0.874198
926	0.807937
927	-0.564219
928	0.833548
929	0.946894
930	0.337744
931	-0.606491
932	-0.341055
933	-0.726235
934	0.0787157
935	0.178913
936	-0.935188
937	-0.536271
938	-0.692025
939	0.274075
940	-0.784011
941	0.122304
942	-0.787077
943	-0.367415
944	-0.611721
945	0.0412256
946	-0.287481
947	-0.547128
948	0.250758
949	-0.200145
950	-0.545238
951	0.884316
952	-0.15863
953	0.824304
954	0.0177296
955	-0.329923
956	0.22901
957	0.871041
958	-0.720982
959	-0.265562
960	-0.145772
961	0.953567
962	0.986768
963	0.695143
964	0.570085
965	0.707256
966	-0.485275
967	0.325121
968	0.362636
969	-0.809586
970	0.799359
971	0.947037
972	0.762745
973	0.116677
974	0.473701
975	0.762566
976	-0.0575756
977	0.539242
978	0.179349
979	-0.876721
980	0.500553
981	-0.037457
982	-0.927751
983	0.742129
984	0.933118
985	0.883298
986	-0.484561
987	-0.172998
988	-0.203261
989	-0.206835
990	-0.044202
991	-0.825587
992	-0.445239
993	-0.405813
994	-0.00832676
995	-0.817679
996	-0.885309
997	0.467046
998	0.627438
999	-0.189598
1000	0.0462275
1001	0.169686
1002	0.711101
1003	0.471167
1004	-0.505448
1005	0.774097
1006	0.568645
1007	0.865596
1008	0.778127
1009	0.849095
1010	-0.182523
1011	-0.250379
1012	0.671004
1013	0.0636858
1014	0.369784
1015	0.645134
1016	0.383307
1017	-0.753819
1018	-0.376198
1019	-0.521102
1020	-0.791346
1021	0.868789
1022	0.845945
1023	-0.830102
